4.74835 9.17308e-06
18.8956
18.9873
19.079
16.7908
16.8825
16.9742
17.066
17.1577
17.2494
14.9512
15.0429
15.1346
12.8463
12.9381
13.0298
13.1215
10.8233
10.915
11.0067
8.71846
8.81019
8.90192
6.61365
6.70538
6.79712
6.88885
6.98058
7.07231
7.16404
7.25577
7.3475
7.43923
7.53096
5.23269
5.32442
5.41615
5.50788
3.21962
3.31135
3.40308
3.49481
3.58654
1.28827
1
1
1
3.10481
3.01308
2.92135
2.82962
2.73788
2.64615
2.55442
2.46269
2.37096
2.27923
2.1875
2.09577
2.00404
1.91231
1.82058
1.72885
4.02712
3.93538
3.84365
3.75192
3.66019
3.56846
3.47673
3.385
3.29327
3.20154
3.10981
3.01808
2.92635
2.83462
2.74288
2.65115
2.55942
2.46769
2.37596
4.66423
4.5725
4.48077
4.38904
4.29731
4.20558
4.11385
4.02212
3.93038
3.83865
3.74692
3.65519
3.56346
3.47173
3.38
3.28827
3.19654
3.10481
3.01308
2.92135
2.82962
2.73788
2.64615
2.55442
2.46269
2.37096
2.27923
2.1875
2.09577
2.00404
1.91231
1.82058
1.72885
1.63712
1.54538
1.45365
1.36192
1.27019
1.17846
1.08673
1
1
1
1
1
1
1
1
1
1
1
1
1
1
1
1
1
1
1
1
1
1
1.02308
1.11481
1.20654
1.29827
1.39
1.48173
1.57346
1.66519
1.75692
1.84865
1.94038
2.03212
2.12385
2.21558
2.30731
2.39904
1
1
1
1
1
1
1
1
1
1
1.01808
1.10981
1.20154
1.29327
1.385
1.47673
1.56846
1.66019
1.75192
1.84365
1.93538
2.02712
2.11885
1
1
1
1
1
1
1
1
1
1
1
1
1
1.02308
1.11481
1.20654
1.29827
1
