5.18171 1.10476e-05
1.45
1.56048
1.67095
1.78143
1
1
1
2.54667
2.43619
2.32571
2.21524
2.10476
1.99429
1.88381
1.77333
1.66286
1.55238
1.4419
1.33143
1.22095
1.11048
1
1
1
1
1
1
1
1
1
1
2.27524
2.16476
2.05429
1.94381
1.83333
1.72286
1.61238
1.5019
1.39143
1.28095
1.17048
1.06
1
1
1
1
1
1
1
1
1
1
1
1
1
1
1
1.67238
1.5619
1.45143
1.34095
1.23048
1.12
1.00952
1
1
1
1
1
1
1
1
1
1
1
1
1
1
1
1
1
1
1.08952
1.2
1.31048
1.42095
1.53143
1.6419
1.75238
1.86286
1.97333
2.08381
2.19429
2.30476
2.41524
2.52571
2.63619
2.74667
2.85714
2.96762
3.0781
3.18857
3.29905
3.40952
3.52
1.24048
1.35095
1.46143
1.5719
1.68238
1.79286
1.90333
2.01381
2.12429
2.23476
2.34524
2.45571
2.56619
2.67667
2.78714
2.89762
3.0081
3.11857
3.22905
3.33952
3.45
3.56048
3.67095
1.40143
1.5119
1.62238
1.73286
1.84333
1.95381
2.06429
2.17476
2.28524
2.39571
2.50619
2.61667
2.72714
1
1
1
1
1
1
1.11048
1.22095
1.33143
1.4419
1.55238
1.66286
1.77333
1
1
1
1
1
1
1
2.11286
2.00238
1.8919
1.78143
1.67095
1.56048
1.45
1.33952
1.22905
1.11857
1.0081
1
3.16714
3.05667
2.94619
2.83571
2.72524
2.61476
4.88429
4.77381
4.66333
4.55286
4.44238
4.3319
4.22143
4.11095
4.00048
3.89
3.77952
3.66905
3.55857
3.4481
3.33762
3.22714
5.50667
5.39619
5.28571
7.55524
